28
467.2 976.6
331.6 613.3
391.7 668.7
3.1 802.5
126.4 168.1
234.7 769.9
647.4 762.6
699.0 216.5
276.4 422.7
828.9 972.0
623.3 502.2
947.6 739.1
759.1 496.8
782.3 782.4
678.8 631.6
184.5 122.1
247.6 607.2
121.5 328.5
709.9 966.5
987.7 282.7
413.3 454.6
626.1 216.6
773.7 493.4
16.4 819.2
249.4 980.0
919.5 459.9
306.7 127.8
457.8 445.6
29
509.1 842.9
584.9 132.3
545.7 6.0
972.1 484.7
167.9 787.4
340.1 907.1
734.9 891.4
864.2 246.7
435.3 192.4
475.8 108.4
107.4 164.0
190.5 631.8
306.4 242.3
703.1 760.6
896.5 823.6
322.5 474.2
229.9 974.3
803.5 218.4
111.7 678.8
975.7 853.7
18.1 875.0
942.6 542.2
613.5 71.3
42.1 590.0
969.2 494.5
806.5 60.8
565.8 46.9
542.1 78.9
541.2 47.7
31
359.1 804.7
75.8 269.0
490.1 509.6
350.2 357.0
409.1 631.5
946.8 498.3
698.8 908.9
334.9 746.3
971.6 444.7
110.7 739.3
119.0 730.8
81.8 517.2
475.7 681.1
926.0 578.2
383.1 458.0
354.2 514.9
97.6 439.6
578.3 686.6
358.4 253.8
5.0 222.7
509.9 653.3
875.2 131.4
729.8 276.6
278.0 903.0
231.5 178.9
533.2 468.7
793.5 242.0
915.5 342.7
747.7 653.7
338.1 869.2
286.3 652.0
95
678.3 482.0
418.3 106.7
451.9 424.2
292.7 223.7
329.9 211.4
859.9 145.7
438.4 284.6
33.7 70.6
182.6 960.4
170.6 212.9
969.7 271.5
971.6 716.8
819.5 108.7
979.5 588.7
481.3 920.2
851.3 386.2
542.0 150.3
591.0 3.8
546.6 440.5
439.3 674.0
572.8 628.3
243.1 150.7
367.8 115.9
761.7 654.3
585.6 44.7
392.9 688.3
790.4 603.3
160.9 588.0
210.7 171.1
482.0 904.5
145.1 807.0
696.8 27.8
564.8 811.6
41.3 614.3
727.3 567.6
407.6 856.1
970.5 519.7
710.7 982.4
275.8 885.8
424.2 520.8
170.9 89.3
895.9 758.4
407.1 858.2
427.6 603.6
724.3 376.4
750.9 999.1
257.7 715.4
598.2 292.2
44.1 638.8
380.9 827.3
460.6 649.2
684.6 638.2
587.3 731.4
56.0 536.9
42.4 86.2
413.4 79.1
43.2 637.7
35.2 286.6
933.0 195.8
564.4 320.2
584.8 387.5
260.5 123.6
275.1 379.4
442.1 768.4
105.3 7.2
869.8 82.7
823.3 836.6
869.4 985.2
78.8 978.4
867.6 964.9
993.9 780.9
745.1 950.2
614.8 796.5
876.4 681.2
356.9 569.5
184.0 508.8
14.1 356.2
776.2 931.5
658.3 65.1
384.9 785.2
764.1 804.4
280.6 724.1
412.6 106.4
821.5 431.3
494.8 382.1
526.0 238.3
297.6 217.4
611.9 584.3
206.7 64.8
897.0 653.5
919.0 566.9
643.1 720.2
504.6 110.4
460.4 737.6
166.3 130.2
57
268.9 725.3
233.1 188.5
884.2 744.1
921.6 51.4
357.2 609.6
564.8 811.2
408.7 697.6
331.4 62.8
948.9 282.0
443.4 777.7
54.1 187.9
762.8 151.8
910.9 71.0
708.3 759.4
478.1 332.2
233.9 48.4
558.4 940.7
624.2 945.0
672.1 968.8
408.8 982.9
923.3 465.1
156.9 766.2
338.0 82.0
639.1 922.8
730.2 799.7
289.6 363.7
738.8 502.7
876.3 155.1
706.7 225.5
430.7 229.8
910.5 870.8
294.1 517.7
249.8 132.2
941.3 450.6
866.9 640.0
175.9 234.2
898.2 810.7
826.8 210.4
375.3 550.4
388.0 49.5
333.6 784.0
603.5 866.0
925.5 294.0
920.2 844.3
139.5 229.0
99.1 651.0
655.0 347.7
966.8 630.5
928.7 192.8
388.7 263.1
105.9 692.5
104.7 887.0
477.0 449.9
563.1 771.5
950.2 436.1
814.1 824.1
727.1 872.1
83
402.5 644.9
326.1 673.4
370.6 52.3
387.0 332.6
572.8 895.0
642.0 804.4
402.2 761.7
411.6 249.4
471.6 565.3
102.7 409.0
389.3 104.8
757.8 282.9
91.1 589.9
773.9 458.2
859.4 776.0
870.7 156.7
963.9 121.9
526.9 65.6
960.0 222.5
583.2 828.6
36.3 363.4
992.6 194.1
207.7 494.8
650.5 430.4
875.6 268.6
731.5 865.8
17.5 203.1
155.8 315.1
516.2 963.2
952.6 648.8
82.9 961.8
529.6 406.3
371.8 807.1
199.1 559.3
35.9 138.7
112.0 480.3
355.2 741.1
373.6 637.0
588.4 85.8
835.0 198.2
539.7 84.9
922.3 145.0
16.6 751.2
647.3 560.2
175.2 313.6
500.7 120.1
983.8 535.9
323.9 455.0
617.1 547.8
867.8 663.9
28.9 335.2
121.0 171.6
916.3 176.2
460.5 912.0
155.8 379.5
165.7 526.8
885.6 865.6
55.1 34.0
347.0 969.3
621.2 121.3
612.5 992.2
746.7 779.6
27.6 570.5
67.5 667.8
227.7 987.9
554.6 566.3
962.2 772.8
334.6 125.2
541.2 390.7
390.7 417.8
440.4 22.3
873.0 327.4
152.8 630.4
374.2 357.1
763.4 104.6
919.0 757.7
968.7 104.5
635.6 911.7
301.2 109.9
314.4 933.4
163.0 206.9
703.0 5.7
948.3 114.1
58
547.7 897.8
875.6 715.0
86.0 103.2
245.4 638.5
977.2 576.4
344.5 601.9
207.8 520.1
567.7 477.6
276.8 124.4
845.0 629.3
179.2 600.4
875.0 606.2
497.4 309.1
381.7 458.9
455.4 16.5
887.4 461.6
5.6 589.8
508.8 156.6
487.2 287.9
92.3 617.0
747.5 611.9
768.4 840.2
588.6 408.9
733.5 257.7
494.0 333.0
647.1 198.1
154.0 803.3
554.6 195.5
380.3 306.5
816.1 618.6
675.2 722.3
494.5 378.2
393.9 375.5
213.0 414.7
763.1 278.8
498.6 295.3
888.4 158.9
596.0 642.8
221.0 44.9
110.8 931.9
366.3 244.7
496.3 386.9
502.8 625.1
442.9 348.3
401.6 112.0
708.3 496.2
858.7 427.8
636.2 843.7
373.2 207.1
922.3 687.8
22.7 114.6
231.4 54.6
112.5 248.0
597.1 959.8
919.1 132.2
870.2 652.6
680.9 685.1
887.4 487.7
77
236.1 17.8
181.0 936.5
676.7 915.1
304.0 914.3
224.7 975.7
839.7 69.1
149.7 430.1
272.7 866.4
61.6 284.9
288.7 878.8
740.0 976.5
354.1 465.1
550.1 915.0
898.5 693.0
357.8 39.7
402.3 856.9
594.5 786.0
423.2 953.5
540.3 2.9
72.4 737.8
379.0 388.3
221.2 575.8
854.3 856.1
424.2 483.1
620.7 424.3
155.6 353.4
347.2 619.0
419.1 345.1
308.8 232.6
196.4 917.5
310.5 988.7
180.7 493.2
244.3 658.9
171.0 111.3
25.9 888.8
240.2 59.1
933.6 96.1
768.9 722.9
567.2 950.5
205.9 969.8
471.1 143.7
831.5 438.7
596.0 928.2
96.1 835.0
718.8 627.5
935.9 619.3
181.3 695.6
648.5 499.0
463.7 479.1
825.4 56.1
692.1 796.7
560.3 224.7
303.9 170.9
932.4 916.3
279.9 687.4
769.7 242.1
465.8 290.7
151.9 999.7
142.3 47.2
492.9 549.2
731.2 454.0
870.9 200.2
410.3 97.3
365.9 575.3
835.4 298.5
897.2 860.1
673.5 788.8
62.0 743.0
89.1 353.8
295.5 335.6
295.0 262.6
351.7 621.7
612.2 575.3
500.2 670.9
673.5 647.6
202.5 561.7
729.6 275.2
81
544.1 211.5
422.7 856.7
119.3 42.5
293.8 20.3
649.8 845.2
877.4 21.9
9.1 442.7
7.8 275.9
408.2 814.0
741.6 708.5
977.3 758.7
944.4 34.6
77.2 782.7
138.9 661.3
234.2 144.4
44.5 984.4
831.4 848.2
762.6 473.5
589.7 635.0
76.7 577.3
546.7 459.2
970.4 65.6
338.0 393.0
201.6 722.4
88.5 400.4
508.3 675.2
979.9 453.4
465.6 167.2
531.2 125.8
402.3 494.5
749.8 427.3
516.4 935.6
682.9 726.0
534.9 305.0
848.8 923.4
726.6 284.8
516.8 533.2
435.7 920.5
265.8 645.9
543.1 848.4
271.7 489.1
802.5 276.5
785.0 469.1
126.8 166.7
893.9 940.2
26.2 309.4
323.0 287.4
957.6 865.4
303.4 847.1
370.9 825.6
492.1 908.4
773.8 778.3
575.6 612.5
302.2 532.5
289.8 193.9
921.2 386.1
950.1 370.1
113.4 396.0
524.9 434.8
185.3 488.9
604.6 881.4
218.9 815.7
275.0 990.2
636.2 283.7
464.2 613.8
407.2 135.4
196.4 360.7
740.8 879.0
77.8 483.3
424.7 910.1
382.8 266.3
546.4 691.1
990.9 651.2
650.4 810.8
780.5 808.5
779.2 767.6
689.4 587.4
560.0 922.2
508.5 63.1
773.0 635.5
735.1 840.4
100
494.8 86.3
984.3 958.4
976.8 725.0
642.4 555.3
634.0 777.7
207.4 309.9
7.9 858.9
216.8 974.6
818.3 65.8
76.7 71.1
101.1 814.3
825.6 883.6
168.3 583.4
707.0 261.6
205.6 830.2
753.8 966.5
253.9 77.9
763.4 545.7
137.1 947.9
670.6 367.2
627.8 871.3
877.9 20.9
198.5 805.1
267.6 424.2
690.3 827.4
77.2 464.1
180.4 277.4
632.2 218.5
581.3 529.5
305.8 26.0
315.9 977.9
865.7 992.7
878.7 420.2
79.9 639.2
548.0 812.2
588.3 854.6
174.4 119.0
853.0 844.8
652.7 553.8
352.5 304.4
642.2 799.7
97.1 808.1
420.9 236.0
235.7 594.8
89.9 148.0
441.2 405.4
860.8 117.5
981.9 342.9
286.0 965.5
164.4 254.2
14.7 342.4
79.2 929.7
470.9 543.3
219.0 529.2
14.4 916.9
819.6 431.0
676.4 477.8
548.3 99.6
187.9 471.6
786.8 181.4
568.9 602.3
852.7 421.2
882.4 978.7
695.9 112.7
534.2 109.2
702.3 814.4
86.8 779.5
507.7 790.2
888.8 223.4
655.7 185.9
239.6 456.3
262.5 801.3
854.6 392.8
906.6 342.8
405.1 680.3
723.9 691.8
619.6 916.4
635.9 976.6
256.7 615.3
33.7 66.4
777.4 478.4
902.3 755.6
740.3 453.7
58.1 548.1
36.2 495.0
931.3 38.1
58.6 516.0
851.0 803.2
532.9 949.3
670.3 26.8
633.0 438.1
496.3 193.7
363.6 3.0
608.3 577.8
384.9 328.3
158.6 819.4
187.5 683.6
452.0 80.9
203.7 355.2
404.5 793.3
49
474.5 879.7
273.2 117.1
695.0 457.6
576.2 757.8
701.7 942.6
422.5 412.6
932.7 272.2
941.7 495.6
714.4 323.3
190.3 694.9
264.7 654.1
553.5 994.4
133.9 456.3
644.3 694.2
751.9 455.6
138.0 751.0
910.5 1.0
282.7 554.2
4.5 482.7
724.0 733.4
87.9 530.8
869.2 634.6
669.3 113.3
846.4 809.4
971.5 485.5
637.9 438.7
370.6 678.3
680.5 285.4
718.6 101.1
730.1 370.6
256.3 877.7
267.5 988.4
68.3 926.1
834.1 565.8
805.4 844.8
251.9 954.5
11.7 17.1
188.2 191.1
883.0 938.8
407.9 4.3
838.3 990.7
395.0 695.4
73.5 650.0
4.4 803.3
970.6 186.1
513.8 355.4
110.1 238.0
825.6 299.7
944.6 661.2
69
712.6 408.5
259.4 346.2
115.2 191.5
642.3 515.3
164.9 424.6
933.7 246.7
501.3 874.5
650.9 74.4
244.8 90.1
835.1 826.0
72.8 788.2
482.7 234.3
977.2 209.5
422.1 625.2
74.4 411.2
212.1 968.5
151.6 814.5
972.2 941.5
450.4 599.4
669.1 496.1
610.4 475.8
72.1 42.7
348.5 250.8
163.2 678.1
141.6 367.0
404.5 136.7
433.2 812.0
138.9 463.4
247.2 385.7
905.0 820.7
687.4 640.7
462.3 782.1
823.8 522.0
389.4 795.0
540.5 867.4
384.3 298.8
762.6 980.7
333.4 365.1
625.3 25.4
425.2 402.8
64.7 694.9
277.3 767.3
749.1 566.9
21.3 828.6
765.2 74.5
166.5 120.0
463.5 645.9
724.1 825.9
229.3 965.4
508.8 526.9
151.9 832.3
158.9 795.9
84.2 767.5
728.5 184.5
930.9 231.8
430.4 695.2
838.5 655.0
677.2 583.9
4.1 613.5
913.9 891.8
886.9 589.9
68.2 187.9
255.9 12.6
174.1 171.1
369.9 95.2
562.5 50.4
589.7 400.3
872.6 62.7
681.8 206.8
16
545.2 7.6
310.5 184.2
710.2 508.0
311.8 188.5
118.4 37.2
953.0 310.7
183.1 618.9
57.2 237.5
831.2 604.3
278.2 61.0
597.6 828.5
415.2 463.2
27.1 677.4
790.6 81.9
867.9 316.1
78.6 610.8
18
436.6 84.0
446.6 860.6
266.1 339.0
296.4 311.4
253.6 421.1
837.3 266.3
480.0 28.2
338.0 644.2
501.0 891.1
225.4 637.1
307.1 800.3
721.2 897.6
398.6 522.8
9.9 51.3
287.5 934.0
368.5 760.8
830.8 785.2
16.2 85.5
10
997.1 985.5
393.4 96.4
883.0 66.7
928.0 606.2
5.0 974.3
939.6 685.6
789.4 40.4
813.8 483.0
696.9 941.4
192.6 561.0
18
296.3 275.0
992.8 559.1
977.1 236.7
791.3 207.4
883.5 211.5
874.5 400.9
254.9 881.0
366.1 407.7
167.9 166.0
328.2 166.7
609.0 999.5
334.6 799.6
591.6 876.3
558.3 29.7
621.4 48.0
180.0 663.8
181.9 515.7
435.0 422.4
20
406.8 554.2
970.6 528.0
485.7 348.4
995.7 625.8
47.5 745.6
956.9 237.2
277.0 137.7
151.4 207.8
46.7 500.1
355.3 50.4
860.6 136.3
543.0 716.2
335.2 98.8
257.2 888.2
894.2 145.1
143.2 850.1
113.4 578.7
313.7 549.4
917.2 552.2
656.4 650.9
89
635.6 697.2
899.5 964.5
671.4 660.6
590.6 948.5
5.7 328.3
337.3 830.2
77.9 481.1
18.4 589.2
500.4 705.2
792.3 66.6
760.0 605.0
876.3 92.6
225.3 956.7
369.4 719.8
288.0 491.1
219.0 745.9
961.9 38.1
117.2 865.7
240.9 312.0
352.9 611.4
278.2 450.0
38.6 139.6
587.3 654.7
478.3 776.0
943.3 245.9
718.0 782.3
824.1 434.9
183.5 749.5
812.3 657.3
677.6 436.7
709.1 444.5
198.8 184.9
556.2 203.0
856.8 16.7
606.8 277.1
78.2 243.4
492.9 687.7
927.0 569.3
590.1 771.2
825.1 825.6
571.9 964.9
344.8 398.7
292.6 719.2
819.3 56.0
77.7 271.0
961.7 230.9
931.1 176.7
828.2 861.3
296.3 952.8
693.0 134.2
544.8 171.5
257.0 388.0
170.1 416.9
650.4 157.7
456.4 899.8
619.9 838.8
803.1 14.9
382.6 770.3
409.9 796.4
917.0 533.1
107.7 365.3
639.4 918.0
504.2 160.3
679.7 119.9
301.2 662.6
381.7 460.4
869.0 477.2
879.6 585.1
791.1 322.2
807.5 566.5
724.4 889.6
217.8 688.6
752.7 546.7
655.4 288.0
370.2 327.3
906.2 980.3
607.6 402.1
629.9 345.2
38.2 724.7
353.3 756.3
921.8 810.9
733.0 582.7
200.3 915.6
203.5 36.2
750.7 147.0
891.8 361.1
843.8 435.9
6.4 682.4
306.3 780.8
22
958.0 272.2
359.4 333.8
873.5 229.9
521.7 265.2
882.7 825.5
27.1 988.3
747.0 320.5
628.0 396.5
409.7 41.8
550.7 24.0
293.0 706.0
59.2 580.2
935.5 574.6
81.7 661.6
460.0 771.9
686.0 517.2
843.4 729.2
1000.0 942.5
721.3 508.6
432.3 293.2
554.4 351.4
240.8 770.2
56
379.2 840.9
494.6 665.4
96.8 189.1
531.0 161.3
14.9 301.7
439.0 49.2
488.3 232.9
235.7 340.6
397.6 438.0
919.0 445.2
817.9 734.0
951.4 851.8
186.7 764.5
18.8 11.4
548.3 246.8
48.8 959.1
613.9 852.9
452.6 244.7
358.0 222.7
453.2 491.5
322.6 794.0
28.4 105.9
838.1 513.2
192.0 20.0
549.5 310.0
583.1 652.0
566.3 108.6
35.5 605.4
623.6 657.5
317.5 631.0
630.5 107.7
408.4 262.2
209.4 210.4
57.0 632.4
105.4 757.8
95.3 646.6
172.3 58.2
551.0 591.3
138.3 174.9
424.7 345.6
440.7 48.4
725.0 129.8
96.0 968.6
687.9 392.4
535.9 452.8
605.5 793.7
330.4 97.8
134.6 949.0
776.3 548.6
8.4 647.0
144.3 280.7
165.5 525.9
837.9 688.4
657.1 135.1
840.2 276.7
804.5 398.0
79
565.7 740.1
726.3 125.1
689.2 690.4
447.6 469.5
432.7 473.8
136.0 891.3
339.1 142.4
626.1 674.5
45.2 831.2
90.9 609.1
407.2 162.2
439.3 52.9
845.9 209.1
151.7 94.6
126.9 235.8
689.5 950.1
810.4 40.5
116.0 439.5
625.3 903.9
351.3 766.1
869.7 333.2
371.6 360.9
322.3 966.3
525.8 36.1
868.2 7.6
142.6 251.2
281.1 235.1
267.1 926.8
306.4 798.3
128.3 359.1
840.1 19.9
300.9 310.8
877.3 890.7
488.7 642.3
579.3 104.1
564.5 716.0
97.8 402.6
963.1 384.3
488.0 752.0
919.6 523.0
549.4 913.3
753.8 209.5
738.5 672.3
411.4 511.7
11.2 635.0
548.6 937.4
45.0 728.7
843.3 56.0
687.8 830.5
391.0 555.2
816.2 125.5
804.2 481.3
940.8 930.4
398.9 430.5
959.4 215.3
456.9 455.5
135.6 893.8
673.3 967.9
417.3 886.1
222.5 87.8
514.2 424.0
585.0 879.3
455.8 691.3
884.3 396.1
82.2 821.8
962.5 580.2
634.0 443.8
502.8 121.9
71.9 360.6
108.6 384.7
922.3 5.5
107.0 154.8
513.8 10.9
898.2 269.3
443.3 265.7
89.6 871.4
617.1 413.6
107.8 408.6
186.7 955.0
67
313.5 21.8
885.8 608.8
871.9 887.4
359.4 807.1
839.9 207.3
406.0 78.9
572.7 938.1
439.6 201.8
386.6 387.2
202.7 381.6
740.2 609.2
669.2 333.5
423.7 787.4
210.2 137.4
911.7 524.0
316.9 8.9
882.8 526.9
209.3 401.2
84.8 771.9
6.7 637.4
772.7 567.4
551.0 96.3
436.7 127.3
607.6 415.9
464.7 297.6
911.5 110.5
896.6 826.7
325.8 320.9
139.9 476.0
244.5 84.8
591.2 162.4
283.3 211.3
319.0 795.1
720.3 211.5
479.9 497.3
681.6 898.3
631.6 246.2
674.0 375.3
140.5 637.9
472.3 565.7
831.1 739.0
661.4 936.1
231.9 988.6
439.9 815.7
513.6 285.6
131.9 765.8
709.9 703.0
971.9 173.5
797.2 559.5
163.2 846.1
256.8 280.0
9.3 456.3
389.3 711.2
163.1 372.4
685.4 841.9
299.0 575.3
707.7 641.9
946.5 643.2
543.9 232.5
426.2 299.8
852.5 497.4
289.1 111.1
322.6 943.3
202.5 592.8
977.6 505.1
155.0 124.7
561.2 222.4
59
329.6 873.6
398.3 266.4
833.0 965.0
807.1 475.9
399.6 189.4
293.9 648.7
73.7 165.4
975.5 197.1
141.8 522.9
932.3 852.2
346.1 875.7
266.5 741.5
652.6 786.0
242.8 528.3
394.9 319.8
684.4 607.1
47.4 517.9
964.7 717.4
231.6 567.0
385.6 704.3
769.9 264.0
216.0 516.0
539.6 816.2
276.1 83.5
860.4 660.0
973.2 775.3
858.9 501.4
558.8 309.5
113.8 400.3
688.8 51.8
95.4 906.1
965.2 138.4
478.2 433.5
437.5 583.9
401.7 405.0
824.3 313.0
766.6 5.7
190.3 964.9
919.5 572.5
681.3 839.7
662.5 907.5
802.2 739.4
662.9 500.7
223.2 912.6
796.5 379.9
439.6 898.5
261.3 478.9
348.8 619.6
820.1 555.8
857.6 904.0
743.8 279.2
590.8 971.4
253.2 6.6
61.5 698.0
438.3 680.6
808.4 273.3
531.9 811.0
375.3 882.0
179.4 497.5
89
251.5 642.2
723.6 245.3
548.4 635.0
777.4 772.0
194.9 626.7
777.1 184.5
328.7 361.9
333.0 327.2
305.7 566.6
192.3 935.8
35.4 721.6
333.5 818.0
387.3 478.1
210.0 756.6
829.1 264.3
111.2 9.6
430.0 233.0
314.2 371.9
234.1 452.4
154.5 522.4
268.2 1.1
403.9 924.7
168.9 463.3
387.3 279.1
840.6 147.2
62.1 83.9
68.4 577.0
214.4 895.3
243.5 399.5
579.2 327.1
159.2 64.9
466.8 539.7
233.5 344.7
889.7 713.2
102.6 720.2
826.0 58.2
961.1 918.8
591.2 571.5
288.5 629.9
590.2 965.0
976.0 279.7
489.2 628.3
5.5 612.6
790.2 879.3
933.6 406.3
341.4 434.4
786.7 579.7
266.8 145.4
504.0 535.1
101.5 901.9
863.5 996.2
950.6 18.4
290.9 980.7
260.1 562.9
649.6 827.3
500.7 13.5
756.5 257.0
799.7 829.1
842.3 501.6
168.2 697.2
516.1 875.1
465.9 925.8
377.8 662.2
863.3 221.7
862.4 397.3
395.9 711.4
323.5 872.4
424.0 248.7
153.3 226.3
943.6 826.2
194.1 701.7
78.9 113.2
299.4 942.2
598.1 825.7
366.5 570.5
662.6 816.9
225.6 12.9
612.2 398.1
868.4 443.8
610.3 696.9
592.4 533.1
88.6 533.9
969.1 587.2
945.5 760.9
300.1 284.8
595.8 607.0
839.5 342.9
213.5 320.6
107.3 720.0
86
203.8 314.2
458.9 56.8
541.1 552.9
560.7 728.9
762.6 737.7
342.7 253.7
856.6 546.0
957.8 743.8
179.3 934.9
105.2 748.8
141.7 784.1
378.6 322.9
52.6 571.5
75.4 488.4
38.4 993.2
84.0 392.5
809.2 163.5
432.9 459.7
787.6 558.9
824.1 140.7
589.7 440.6
441.5 285.6
228.4 713.5
202.2 844.7
985.6 78.7
396.4 706.7
134.7 19.6
402.7 360.2
196.5 820.6
596.1 468.5
46.3 532.7
320.6 86.7
567.4 866.6
666.4 433.2
548.8 959.8
840.4 357.2
580.2 393.9
448.3 245.8
679.3 221.2
290.3 579.3
354.3 197.4
209.9 870.5
510.6 170.3
874.6 430.8
892.2 116.3
471.5 391.4
219.5 958.4
910.0 892.1
871.3 903.0
559.8 800.7
135.7 346.5
947.2 713.3
821.6 175.8
131.6 495.9
185.0 573.9
529.2 269.7
271.1 940.1
366.7 511.5
918.4 518.8
216.2 753.4
602.0 76.5
94.9 40.0
500.7 978.9
522.9 243.0
17.7 555.7
800.9 873.5
823.1 92.9
36.2 925.2
693.1 258.7
966.5 228.9
339.5 298.2
260.6 501.9
671.9 605.7
345.4 973.1
683.4 137.3
513.6 478.3
163.3 334.6
219.0 338.4
174.6 297.5
111.4 895.1
800.2 521.5
408.5 98.4
142.5 465.9
361.9 625.4
293.6 86.9
365.5 128.8
1
2.2 66.6
65
479.3 719.6
28.4 946.8
199.6 505.2
303.7 17.3
328.2 301.9
224.9 76.7
582.6 502.7
528.1 37.0
181.7 239.0
317.6 728.7
160.7 796.0
147.2 886.0
92.8 483.3
904.6 631.0
567.4 856.4
205.1 476.8
244.5 667.9
895.1 749.3
95.3 221.7
357.7 65.3
793.0 451.7
790.2 684.0
427.3 491.3
118.4 617.5
56.3 506.5
837.0 197.9
261.5 612.6
585.7 3.3
199.5 713.2
254.8 274.6
430.9 508.0
426.9 663.6
52.7 491.5
234.7 175.5
867.5 855.9
94.4 379.9
100.8 169.2
165.7 834.4
372.5 911.1
761.4 373.6
340.6 974.2
556.1 386.7
587.0 198.4
659.7 968.6
15.6 147.5
615.7 824.1
959.8 98.1
965.8 492.7
274.8 100.8
939.9 795.9
209.1 829.3
166.9 975.6
114.7 302.2
649.0 626.4
295.8 351.4
549.1 677.1
480.0 990.7
490.3 232.7
478.3 444.6
834.8 816.8
357.9 681.5
109.6 863.4
411.6 797.5
770.7 100.7
522.1 725.8
40
865.8 112.0
664.7 5.9
999.9 981.9
225.2 452.7
596.9 499.4
204.1 888.6
130.5 691.4
639.0 913.4
525.6 264.1
803.2 491.5
296.3 925.5
275.6 45.5
382.1 641.5
840.1 944.1
197.5 214.1
639.4 352.1
185.2 262.4
541.0 144.4
4.4 776.2
361.9 928.6
619.6 456.8
176.7 856.5
179.6 518.6
146.9 625.0
672.8 69.2
498.5 872.6
403.8 957.5
790.6 227.7
984.4 158.6
108.6 462.9
774.7 856.2
237.5 236.6
414.8 793.1
601.8 177.2
478.3 361.0
32.7 919.7
83.7 854.4
92.2 230.2
591.2 306.8
744.5 658.9
24
314.2 988.1
50.5 385.3
938.6 157.2
525.8 194.7
581.6 254.2
210.1 953.2
865.8 975.9
915.6 733.4
825.3 61.0
335.2 357.9
82.6 66.0
155.6 408.2
217.9 21.9
777.4 315.4
487.5 759.0
880.8 280.3
148.9 690.8
833.4 52.2
799.5 783.8
724.2 652.3
74.6 832.8
548.8 596.1
988.8 637.9
975.7 858.7
11
450.3 488.5
826.2 422.4
521.5 517.3
170.8 427.4
83.4 809.6
488.1 605.5
314.0 853.6
945.7 567.8
23.0 957.0
967.7 372.6
128.7 847.4
64
550.8 247.2
250.0 599.4
870.7 825.4
154.6 239.9
292.3 727.1
146.6 971.9
38.8 15.5
367.4 857.5
478.7 158.2
365.5 623.4
614.3 309.2
41.6 324.5
88.2 846.6
590.0 263.8
16.4 467.9
912.1 689.5
942.0 975.5
270.0 529.5
162.2 955.4
685.4 596.8
394.5 41.4
491.1 675.2
384.5 591.1
518.8 458.4
755.8 682.8
378.9 796.9
292.3 128.6
328.9 109.7
952.0 788.1
803.4 936.3
825.9 639.5
520.6 639.5
875.2 132.3
289.9 376.6
614.0 904.8
601.2 946.1
67.2 611.0
141.1 393.6
41.9 986.9
814.7 308.1
932.0 755.5
184.9 750.7
97.0 951.9
605.7 146.5
469.2 900.0
11.0 31.3
909.5 222.9
698.3 630.1
369.0 335.6
421.3 44.8
171.7 517.4
104.4 306.7
149.2 958.3
785.0 525.9
219.3 574.8
314.6 347.9
164.3 159.1
17.3 620.1
122.6 31.4
557.9 898.3
446.2 64.4
973.0 104.5
438.8 808.0
2.9 579.0
32
970.8 751.4
410.8 606.7
947.3 848.4
481.6 10.2
316.4 223.1
416.8 101.3
652.4 219.5
578.0 219.5
820.8 986.6
590.7 749.8
23.0 709.0
732.0 664.9
308.7 756.7
152.5 472.6
984.4 973.2
826.4 382.4
819.6 984.8
781.6 940.4
392.2 748.7
36.9 553.6
624.9 442.0
108.4 852.7
27.0 278.2
658.5 80.3
371.9 660.0
299.4 664.4
769.6 519.7
934.4 600.2
269.0 152.5
124.2 876.3
491.6 788.6
636.4 678.1
6
122.2 278.0
109.5 993.0
192.0 305.0
520.0 448.3
440.1 770.7
888.2 246.2
18
643.3 805.0
475.9 171.8
621.5 166.0
962.9 895.5
131.5 972.4
316.4 587.1
158.5 489.7
214.2 25.4
26.5 533.4
267.2 834.0
248.0 958.6
106.1 402.4
694.2 87.7
26.3 392.4
525.3 83.8
536.4 933.6
804.1 306.3
274.4 406.5
20
498.0 274.7
563.3 383.2
275.4 164.9
614.8 811.6
128.1 471.0
223.2 432.8
223.5 225.6
693.7 44.2
356.3 275.6
442.7 813.4
786.4 199.1
137.3 369.4
846.6 622.5
973.5 463.3
182.6 87.8
375.4 955.8
184.1 562.5
135.8 115.1
788.4 221.0
875.3 535.8
42
737.4 424.1
743.8 160.4
943.2 39.8
621.8 413.7
77.4 571.0
661.8 398.8
768.8 598.4
913.5 48.7
215.9 497.4
518.6 6.1
254.7 905.8
903.7 838.0
877.1 313.0
794.3 148.7
242.8 574.1
896.6 511.3
129.8 479.0
953.3 246.6
588.1 916.8
130.7 837.5
229.5 660.9
309.3 192.8
571.4 306.1
671.9 697.3
846.1 839.8
532.6 442.0
578.4 350.1
515.4 225.3
358.1 733.9
47.1 467.9
820.7 541.6
358.1 533.6
311.8 239.5
762.7 449.7
948.7 703.8
677.6 184.2
619.4 676.5
182.6 999.2
347.2 801.4
142.9 4.0
381.7 753.7
430.6 437.0
52
784.2 304.3
116.1 449.1
172.0 225.2
640.4 136.2
465.1 828.7
79.5 835.2
970.6 268.6
112.2 529.4
987.3 80.4
559.0 58.9
955.8 488.5
502.6 345.7
469.5 422.6
57.3 50.5
942.8 362.5
555.4 310.9
601.7 648.5
642.6 375.0
289.4 742.3
792.3 102.3
255.0 452.5
14.9 171.1
993.1 470.6
204.3 73.7
682.1 361.2
728.5 824.9
963.1 822.7
357.1 850.7
153.3 374.7
256.2 533.0
650.2 304.4
993.0 367.2
156.8 702.2
357.2 671.0
812.5 949.4
790.4 134.7
740.6 926.8
189.3 754.7
269.6 876.1
49.0 951.8
533.4 668.2
417.9 711.7
382.5 465.9
778.3 944.3
765.0 961.3
712.9 296.4
834.5 585.6
768.5 291.0
225.0 853.6
931.6 869.8
30.0 61.4
733.3 834.1
62
955.8 77.7
225.4 423.7
743.7 233.4
573.1 707.4
525.5 26.6
134.1 14.8
662.0 182.9
40.8 750.3
930.6 463.7
241.8 412.0
137.3 711.5
759.9 481.4
311.7 83.5
324.4 240.7
543.5 882.8
191.7 166.6
968.3 544.1
716.5 578.3
644.7 291.4
567.2 163.1
94.3 150.1
752.8 556.3
99.0 719.9
201.4 419.7
964.0 389.2
761.9 956.1
28.3 23.2
758.9 869.6
559.7 123.6
23.7 354.1
147.8 983.8
636.4 419.3
725.9 537.9
513.3 865.3
649.8 469.2
988.0 529.0
835.7 180.8
695.1 159.9
789.4 843.0
38.4 756.3
314.6 51.3
787.8 517.1
842.1 808.9
351.1 644.8
261.7 375.7
465.6 118.4
775.2 279.6
71.9 41.2
471.2 316.2
796.4 865.8
123.5 548.4
142.9 324.7
525.4 312.9
315.3 934.3
306.5 281.3
511.4 25.2
770.2 542.7
207.6 348.7
739.3 404.1
410.5 995.1
932.8 519.9
968.1 407.2
48
244.8 747.8
296.5 142.1
605.4 287.2
35.6 816.7
921.9 711.8
113.9 366.2
435.6 829.9
5.6 406.5
224.8 509.6
580.2 699.2
846.5 665.1
123.7 908.0
790.8 542.2
861.1 805.8
671.4 221.4
585.2 85.9
213.5 814.8
762.3 201.4
653.7 110.4
953.6 412.1
17.4 655.7
423.7 976.7
190.8 64.8
367.4 204.2
337.9 537.9
836.3 878.5
141.8 449.1
976.0 376.5
284.4 47.9
687.3 73.6
355.3 260.8
190.0 383.0
203.1 106.5
717.5 250.9
254.8 895.1
679.0 380.9
466.8 988.5
317.3 155.0
509.1 127.8
586.0 892.0
321.7 481.9
398.7 584.0
436.5 325.1
230.5 449.1
216.5 967.7
966.3 64.5
705.8 467.1
414.7 513.2
92
987.2 434.8
881.7 593.8
95.5 681.8
968.1 822.5
719.7 775.8
462.5 108.1
538.9 403.7
669.5 910.2
554.0 444.3
546.5 726.4
198.0 256.1
834.4 483.9
790.9 340.1
698.7 659.2
586.1 381.5
33.3 233.1
268.1 362.0
855.1 146.6
195.3 618.2
354.0 950.0
274.6 376.4
239.2 786.3
334.5 958.3
628.9 542.0
631.3 768.8
430.9 341.4
833.1 940.1
932.3 545.3
318.0 377.6
521.4 249.5
233.1 233.9
600.1 817.8
561.6 523.2
776.7 697.6
530.5 559.0
530.6 408.7
676.8 344.1
190.9 872.8
395.1 172.9
677.6 789.3
728.2 462.5
967.3 309.3
265.4 857.3
900.5 801.2
77.9 552.1
523.4 315.1
292.1 17.1
290.0 789.0
476.6 861.4
627.0 102.3
730.7 519.4
818.8 985.8
758.8 374.3
446.5 323.7
313.7 808.8
838.3 930.7
501.6 915.7
585.5 273.6
665.4 314.3
762.8 683.6
614.1 256.8
798.3 964.6
758.5 663.4
490.0 345.7
202.7 428.6
808.4 477.4
3.8 792.4
544.3 464.7
998.6 869.5
949.1 605.0
612.9 928.4
274.9 747.3
269.4 363.5
301.0 212.2
38.0 696.7
658.3 431.2
171.5 341.1
757.7 571.9
755.3 429.4
922.6 737.4
634.7 976.9
506.1 236.5
819.1 427.5
967.9 659.7
164.9 79.4
459.2 485.2
946.4 355.1
823.9 67.5
91.7 89.7
7.4 632.0
819.1 89.4
343.0 173.1
26
412.4 358.2
804.6 846.9
682.5 876.9
746.2 251.0
438.1 894.8
333.1 450.3
508.8 81.8
217.4 120.4
124.3 730.5
225.3 469.5
688.1 141.0
584.9 692.0
47.9 895.9
320.3 493.8
53.2 771.6
686.4 718.6
763.4 35.5
402.3 174.3
186.5 250.1
367.5 463.9
479.2 842.9
5.2 580.6
304.9 296.1
732.6 550.4
273.4 90.9
506.5 957.6
16
500.8 970.3
128.2 668.1
807.8 549.8
371.6 173.2
417.0 284.0
664.8 577.4
311.6 939.2
931.8 511.4
146.9 89.4
778.6 493.5
214.5 174.3
451.1 687.7
425.7 761.6
981.1 729.6
533.9 838.9
768.0 361.1
83
681.1 947.1
498.5 24.5
573.8 740.7
406.8 236.0
790.1 174.4
359.0 335.1
779.4 698.5
19.6 519.8
363.3 86.0
807.8 82.5
801.3 823.9
240.1 536.2
663.5 340.0
236.7 258.7
745.3 782.0
378.4 239.5
936.0 111.1
127.2 877.3
179.4 554.4
890.2 221.7
63.9 757.2
505.1 924.0
658.1 725.9
358.7 853.9
980.3 413.7
863.4 968.6
45.1 578.5
48.1 59.5
738.0 375.2
569.6 87.3
815.4 44.5
938.4 279.0
730.9 292.2
7.5 755.3
898.5 995.0
559.1 399.1
623.2 890.2
268.2 735.5
488.2 277.0
688.5 477.3
164.5 672.0
486.9 440.2
528.6 316.9
815.4 285.9
235.7 965.4
522.9 255.5
47.6 614.0
979.4 142.7
100.4 748.1
754.4 681.6
330.0 638.5
517.7 603.2
24.4 314.4
18.2 239.7
78.4 376.1
454.5 927.8
200.4 139.4
695.3 543.5
596.4 618.4
697.4 633.2
507.0 290.6
971.1 528.3
632.4 190.2
417.9 640.8
29.0 778.1
318.9 527.9
731.1 438.7
794.4 685.3
305.2 985.4
530.9 275.2
126.9 968.2
244.2 807.2
131.1 103.1
777.1 918.7
37.3 283.1
46.9 368.7
846.3 766.0
35.2 644.8
369.2 587.8
606.3 694.6
231.5 958.3
654.8 716.3
953.4 768.7
45
216.5 638.9
905.9 518.0
641.2 225.8
402.0 85.9
301.2 946.0
687.8 465.7
481.3 660.0
32.6 248.8
803.0 161.8
675.3 446.5
836.7 183.1
564.1 422.1
365.0 413.8
756.1 109.5
65.2 711.6
413.6 755.5
15.8 178.8
934.5 50.5
870.2 427.9
307.7 915.1
580.1 929.4
546.7 682.8
683.8 978.0
993.0 825.3
199.5 610.8
711.6 866.3
822.4 438.0
136.2 213.5
29.1 691.9
91.2 725.5
72.6 496.6
290.7 361.3
106.8 698.6
33.9 215.2
271.8 363.0
55.3 843.9
279.4 586.3
103.2 839.0
665.7 646.8
38.9 658.2
349.3 792.4
251.5 530.4
908.9 953.9
75.7 874.7
444.7 356.0
7
446.1 123.2
735.5 760.8
298.7 697.3
827.1 16.1
18.0 83.5
302.8 635.7
472.1 981.9
59
393.7 346.2
614.6 102.3
783.1 20.1
507.3 661.7
281.7 611.2
375.3 91.0
250.4 396.0
104.7 21.3
78.4 444.0
854.1 684.0
481.5 298.6
592.9 899.8
790.5 315.1
954.7 208.3
815.6 547.4
721.7 213.1
487.8 148.5
629.9 300.7
723.3 196.5
925.1 166.6
638.1 55.8
163.6 268.9
234.6 180.9
633.0 268.4
789.3 803.5
830.8 385.3
247.5 214.8
239.3 96.6
641.6 550.8
781.5 325.3
220.4 817.6
841.3 929.6
936.6 833.4
91.9 154.0
147.3 244.7
317.4 904.2
563.5 77.7
942.7 321.9
16.0 233.0
282.5 659.4
511.5 639.1
109.6 117.0
506.5 219.5
362.4 123.5
595.8 266.2
6.9 190.1
58.2 688.3
982.5 446.6
693.1 409.6
96.9 17.3
650.4 665.5
27.1 984.9
604.0 804.6
944.7 71.3
358.9 704.3
59.3 232.4
809.7 589.7
571.1 926.9
944.5 965.4
81
253.2 180.2
289.6 145.7
90.9 129.0
580.5 727.6
163.7 870.5
76.1 879.2
634.8 956.8
604.1 743.0
679.9 380.1
538.7 152.5
771.9 446.7
613.6 621.7
381.5 627.7
459.3 326.1
378.5 578.6
176.3 993.5
552.2 631.1
591.5 646.3
515.4 189.6
876.1 141.0
114.2 73.5
943.3 688.8
297.4 349.7
65.2 9.8
169.1 548.3
210.2 993.3
618.1 766.4
63.7 439.2
606.9 279.8
139.1 770.3
322.5 745.9
696.4 694.8
490.7 881.5
341.8 119.0
460.3 108.7
192.9 534.6
479.1 910.6
141.8 464.3
427.1 761.0
420.3 126.5
392.4 35.8
419.7 160.4
459.2 638.3
936.0 726.2
669.8 935.1
705.8 739.7
340.3 674.8
646.9 13.1
997.0 37.3
660.5 245.8
187.9 227.2
834.9 397.5
484.7 693.8
612.5 655.2
901.9 494.4
868.8 813.1
75.7 686.2
953.0 574.4
695.1 920.5
378.6 962.7
8.5 61.4
622.8 926.3
11.7 846.4
968.7 465.9
999.5 966.6
773.9 976.5
295.8 307.1
730.1 317.5
575.4 869.4
141.1 433.0
258.6 989.8
22.5 347.7
869.1 266.9
605.9 519.5
406.5 676.9
407.6 129.7
801.8 144.3
155.4 813.8
902.1 56.3
495.5 465.0
183.2 919.0
12
574.5 764.7
844.8 514.8
811.4 654.1
48.3 55.5
539.5 451.2
935.1 964.6
961.5 638.6
309.6 611.3
462.6 132.5
961.5 832.2
980.2 75.8
904.8 584.8
19
688.1 45.2
59.8 528.6
263.0 282.6
818.3 319.0
19.1 329.9
52.1 191.7
557.9 66.5
275.4 940.4
724.0 778.9
298.6 928.8
267.2 608.1
96.5 637.7
705.1 959.9
216.3 366.7
936.6 394.7
901.5 106.3
311.4 427.7
453.3 491.3
684.6 189.3
36
48.9 219.3
4.5 374.7
264.8 559.2
811.0 109.7
251.8 315.1
796.4 135.1
568.8 315.4
626.2 562.7
535.0 579.0
313.5 181.6
782.4 668.0
945.6 222.9
47.1 914.7
186.2 214.3
461.6 832.8
785.2 514.7
893.4 761.8
886.0 862.3
368.2 83.3
730.7 174.6
385.4 373.2
953.8 842.4
9.0 476.0
127.6 361.7
542.6 647.6
273.1 230.3
609.6 968.6
960.9 96.4
878.9 573.1
829.9 847.6
470.5 883.8
518.9 842.2
122.3 11.4
631.4 73.3
56.0 347.6
606.2 108.1
34
740.5 620.2
442.7 400.3
917.0 75.7
160.6 962.7
815.9 346.7
921.6 979.7
430.0 575.1
735.8 338.4
353.6 861.2
262.4 830.4
953.7 352.6
221.0 812.7
194.6 766.7
205.2 605.4
762.8 691.3
273.2 339.6
440.3 787.7
215.3 957.0
660.1 276.9
311.0 990.5
627.6 413.1
959.2 448.2
313.3 367.4
677.6 808.7
532.5 372.9
842.8 871.8
527.6 231.6
93.7 237.3
128.1 673.7
131.2 248.0
674.3 602.9
874.7 776.2
280.7 452.3
147.2 949.3
39
284.2 24.0
796.1 342.3
585.9 140.8
914.3 27.0
582.1 765.4
776.3 617.2
9.5 163.9
685.1 25.4
74.7 546.5
803.6 651.4
73.7 674.6
616.1 343.4
312.8 638.1
541.8 243.2
673.3 624.0
565.1 94.7
201.1 789.8
748.0 162.2
381.9 966.4
957.6 141.6
803.0 880.7
935.7 708.2
173.0 735.0
148.9 169.4
532.3 915.3
194.1 117.3
670.4 748.9
875.6 539.0
473.0 868.5
692.0 171.5
459.4 759.3
582.0 476.5
431.8 749.1
48.6 615.4
471.4 613.5
252.1 561.6
875.5 286.0
463.8 212.5
666.1 131.2
35
510.7 692.3
923.9 493.5
55.6 785.3
195.0 555.4
907.1 370.1
125.0 485.4
491.0 821.1
151.3 352.1
35.5 590.9
728.1 261.9
741.5 438.5
169.1 560.0
351.8 549.0
977.1 532.5
912.5 819.0
703.0 773.1
331.3 293.5
609.4 270.7
116.1 897.3
473.7 629.3
624.7 50.3
856.4 413.0
376.8 246.8
771.5 965.8
307.6 600.5
694.8 725.8
589.8 450.9
754.3 743.8
667.8 524.3
545.2 292.4
206.2 958.4
518.9 314.3
18.3 960.1
958.3 515.9
974.6 519.4
43
318.3 215.6
382.7 925.3
368.3 752.0
749.1 430.6
946.9 524.8
886.6 195.3
525.3 277.7
285.0 582.5
715.7 785.0
321.1 913.5
123.8 281.0
72.9 256.2
934.8 280.0
158.1 578.4
618.4 422.2
893.8 412.3
524.2 56.6
729.4 190.7
519.1 944.3
841.9 850.3
507.1 423.1
481.4 455.5
720.2 649.3
535.9 372.7
833.3 612.4
457.6 918.6
326.3 753.8
102.9 810.7
347.5 649.1
513.1 647.4
481.6 621.9
845.4 607.0
66.2 409.5
769.4 331.2
722.7 871.1
128.4 805.7
882.0 662.8
234.7 918.5
725.2 94.3
369.0 175.5
930.2 611.9
843.5 41.2
827.9 908.4
43
503.0 994.4
883.1 686.8
181.2 22.7
964.1 257.7
730.9 420.5
506.5 232.2
805.7 564.0
994.0 759.9
63.3 987.6
741.3 933.9
761.7 215.5
324.8 308.4
83.0 796.6
822.8 600.0
779.0 914.7
619.3 490.1
278.7 190.9
297.7 588.3
807.9 485.1
986.7 814.6
584.7 728.2
464.1 812.9
506.7 382.7
463.9 849.8
467.0 274.0
644.6 885.8
231.2 473.9
286.8 452.6
847.4 484.1
376.4 161.0
638.2 497.8
659.7 887.3
270.2 490.1
181.3 602.8
876.2 254.5
997.9 263.9
678.1 339.1
165.8 895.2
707.0 411.2
996.6 95.4
785.0 865.9
953.5 636.3
665.7 755.4
30
347.0 336.1
966.9 429.1
869.0 470.5
944.0 753.9
787.7 215.5
219.0 381.6
167.5 426.7
911.4 780.5
665.8 727.2
923.6 901.0
732.5 987.6
875.8 305.6
265.7 439.2
320.4 752.3
339.6 518.1
957.3 814.1
791.1 832.5
643.7 595.6
60.9 42.5
640.0 367.3
707.8 843.8
689.8 253.4
595.6 304.3
398.9 861.2
782.4 996.1
10.8 155.0
828.9 288.0
403.6 296.7
360.7 137.7
383.6 444.4
43
189.5 62.2
20.6 654.4
237.2 515.2
14.7 161.5
178.7 559.3
876.5 445.1
567.5 237.9
61.9 753.3
478.1 78.9
985.8 287.8
354.7 916.2
14.6 892.8
679.6 669.7
880.0 21.0
154.5 963.4
321.0 488.9
439.8 87.2
160.5 598.6
954.5 639.8
884.9 704.9
463.1 868.5
767.2 542.3
655.2 199.9
712.4 297.0
160.4 572.8
244.4 484.2
904.1 961.5
328.0 868.4
292.0 331.3
418.9 890.5
796.7 957.2
825.6 870.6
641.7 486.2
533.8 223.3
53.3 933.6
129.7 82.1
58.1 514.2
170.6 337.5
214.0 384.7
486.0 561.8
901.3 252.1
607.9 486.6
506.3 307.9
49
879.7 959.3
919.9 576.1
568.8 958.9
51.9 902.1
520.2 306.3
552.3 716.9
230.9 861.6
549.3 895.4
657.5 330.3
202.8 72.4
80.6 621.5
586.9 501.9
673.2 585.1
793.9 904.1
550.7 801.0
416.7 813.3
510.9 830.9
990.7 211.2
484.8 433.6
449.5 269.5
58.5 437.4
838.6 378.7
335.9 690.0
361.8 286.2
82.0 83.0
869.9 704.9
83.6 149.7
94.9 38.5
623.5 938.8
139.5 999.9
262.0 122.6
942.8 665.8
399.8 962.4
611.5 639.8
353.0 581.4
17.8 256.8
708.1 714.4
380.5 744.6
721.8 402.9
238.9 932.3
756.8 689.4
717.9 926.6
850.8 226.5
344.0 751.7
166.8 643.6
301.3 298.7
602.1 742.0
221.3 313.2
219.4 770.1
61
980.0 959.7
477.4 279.4
791.4 49.3
277.0 597.2
689.9 352.8
567.2 789.9
406.9 844.6
390.7 19.7
962.6 560.8
232.6 799.1
659.9 610.3
592.0 260.9
802.1 251.1
886.4 34.8
341.2 33.7
869.6 931.3
687.9 625.8
306.8 754.0
509.9 177.0
98.3 579.7
491.4 742.8
882.5 212.5
845.9 416.3
337.3 571.1
483.7 281.6
214.2 482.8
653.8 360.3
709.3 424.3
240.4 912.2
760.7 115.5
816.1 496.6
373.9 874.8
917.5 895.2
622.9 439.3
476.5 84.3
108.3 746.9
992.4 829.4
387.2 126.9
230.5 847.6
677.1 66.8
989.8 77.6
189.3 595.7
89.7 423.9
914.4 322.3
403.8 241.6
720.6 232.9
657.9 320.3
554.9 220.2
322.1 447.3
835.6 551.9
770.0 58.0
621.7 592.3
661.1 44.9
30.7 890.6
388.3 234.9
696.6 861.0
823.3 74.5
394.8 418.6
735.4 451.9
277.5 89.1
512.1 708.2
10
624.5 667.5
987.3 938.1
795.5 690.2
774.3 733.5
800.5 366.8
59.8 110.5
997.9 988.1
974.8 508.7
811.1 199.9
957.8 561.9
67
433.6 808.4
713.0 208.0
790.6 296.9
871.5 321.6
736.3 445.7
742.0 307.2
780.7 30.8
557.6 343.8
947.4 403.8
77.0 369.9
64.4 301.8
270.9 280.0
240.7 44.1
788.4 233.0
459.3 967.8
77.4 745.1
74.9 501.6
533.0 66.0
290.1 48.3
913.2 188.3
889.4 266.1
297.0 232.9
27.1 397.5
778.8 855.7
926.3 556.2
114.6 538.0
673.7 317.6
476.0 46.5
579.5 384.5
13.5 148.0
113.8 26.6
824.6 830.5
225.2 376.1
63.3 759.5
737.9 227.6
836.1 216.8
467.4 184.3
700.8 503.3
383.7 804.5
542.3 992.5
281.8 261.7
835.3 112.7
254.1 921.3
216.0 342.1
310.2 756.7
376.5 393.9
795.6 882.0
325.2 137.8
167.4 569.2
100.9 547.4
733.2 717.5
592.9 58.8
715.9 545.7
449.2 119.7
522.5 911.7
811.8 961.0
354.8 464.0
366.5 554.7
48.4 566.3
197.2 826.3
884.5 506.3
851.0 533.6
971.2 142.5
659.0 524.9
416.4 279.8
165.3 669.5
698.9 49.9
59
366.2 307.6
7.3 414.8
262.0 77.6
342.5 232.5
590.5 960.5
336.5 145.1
973.8 406.7
365.2 163.5
177.7 908.0
457.1 471.2
661.6 827.7
821.7 816.3
732.5 357.5
544.0 178.5
978.9 787.1
977.5 155.7
18.0 541.9
785.3 663.0
808.9 333.0
864.4 919.8
891.8 268.3
398.8 732.5
440.2 113.4
403.7 689.5
513.8 761.6
814.4 695.5
929.2 858.1
130.1 391.3
520.6 510.6
707.0 851.1
941.7 900.2
672.8 998.9
962.7 305.9
753.1 111.2
706.0 494.5
177.3 206.4
54.4 848.2
147.5 885.3
362.9 639.2
371.3 869.0
60.2 654.3
619.1 179.0
244.6 702.2
776.8 710.7
124.9 573.7
556.1 347.7
147.1 780.7
936.4 756.1
785.3 409.1
356.4 249.3
602.9 154.2
935.5 77.9
27.9 791.2
985.8 543.3
611.8 30.9
46.8 253.3
608.7 814.9
861.7 464.0
554.5 553.5
14
698.4 338.0
564.4 362.0
424.5 912.9
14.3 929.7
867.6 836.3
725.2 574.5
94.0 482.3
630.4 863.7
640.1 497.8
834.8 81.8
445.4 507.4
421.0 215.3
939.3 601.6
318.6 8.2
44
356.4 360.0
721.2 141.4
903.9 925.7
388.7 17.3
894.1 600.8
874.2 542.1
986.7 331.2
547.0 977.3
123.8 84.2
390.5 141.3
95.1 199.6
799.8 702.2
700.4 316.5
415.1 870.0
102.8 83.6
872.9 118.6
862.3 35.9
158.4 408.0
669.3 27.5
329.0 680.6
473.7 846.2
91.6 600.7
937.6 153.2
273.0 956.6
73.7 109.3
812.8 897.4
446.0 799.6
797.9 143.3
934.6 606.6
532.0 847.5
644.9 28.0
856.3 533.2
112.5 952.2
10.4 743.2
838.5 224.0
581.1 429.7
532.0 84.9
254.2 704.1
755.6 26.9
218.3 622.1
634.1 435.7
437.7 717.3
950.6 880.6
977.6 917.5
45
971.8 758.8
651.5 784.0
201.4 427.9
834.1 227.6
672.1 290.0
539.0 172.3
480.6 491.8
775.7 894.5
447.2 349.0
862.4 194.7
400.3 589.9
57.3 852.7
194.1 983.0
620.8 355.7
964.2 663.7
293.5 339.1
645.5 438.0
591.9 185.6
948.1 190.0
498.3 604.7
425.6 594.1
242.6 480.9
949.3 624.6
399.9 603.1
534.6 526.2
672.1 529.1
493.9 508.2
773.9 567.8
118.2 253.3
393.9 404.4
550.7 979.6
894.8 500.7
347.2 393.3
914.8 877.5
438.9 827.6
441.5 112.9
275.3 500.8
337.4 536.8
96.4 373.8
781.9 470.9
281.7 541.1
217.2 720.0
495.6 246.5
749.3 981.2
744.4 718.6
34
833.8 238.4
648.3 841.2
789.3 335.5
948.3 835.4
437.3 771.4
566.7 428.4
379.0 704.1
620.4 58.8
658.2 829.6
421.4 133.1
109.6 175.6
474.2 474.3
421.6 789.2
535.2 133.2
899.4 153.0
470.5 953.3
409.5 984.2
861.6 539.1
327.1 566.3
171.7 178.8
842.3 494.6
272.8 515.5
686.3 727.5
547.3 564.8
32.8 330.9
171.3 418.3
687.2 546.8
609.7 543.1
829.1 46.7
406.0 869.8
889.8 737.0
698.7 705.1
280.6 622.8
298.4 1.4
12
608.1 422.8
357.9 724.3
184.2 473.5
152.3 801.9
906.1 419.2
272.7 626.5
933.2 721.6
599.8 421.1
277.3 831.7
883.0 956.4
336.1 248.8
773.6 904.4
18
990.9 123.3
77.1 646.5
162.3 277.2
759.0 367.0
920.8 697.2
882.7 262.3
585.0 825.7
171.9 271.1
756.6 370.9
357.7 438.8
268.4 541.1
551.3 665.3
330.4 144.1
779.3 231.3
912.5 265.0
762.8 237.9
644.1 412.8
646.2 291.8
47
823.1 8.1
940.6 307.2
165.6 130.5
37.4 679.0
671.4 504.1
30.9 978.9
163.2 254.4
728.3 74.1
894.5 516.0
23.4 438.7
600.9 169.1
841.0 505.1
582.6 686.2
807.9 355.2
919.4 313.3
764.4 111.4
624.4 894.1
642.7 207.0
51.1 481.7
695.4 841.9
75.6 997.1
695.8 923.0
256.3 744.7
797.0 87.7
433.1 431.1
424.6 545.5
337.6 691.6
498.8 673.1
571.4 621.4
264.6 199.7
489.1 906.3
824.1 27.9
602.5 392.2
579.8 268.8
139.4 823.4
627.5 727.6
141.2 771.1
719.5 976.4
409.3 531.7
604.4 703.8
247.4 920.1
216.1 230.4
918.1 165.4
822.5 630.3
57.9 96.2
929.5 17.9
294.9 91.1
6
548.1 509.3
484.5 54.3
542.0 569.2
868.2 292.5
722.8 70.9
772.9 554.7
34
176.4 416.9
453.3 812.5
278.4 990.8
524.3 418.0
465.9 559.0
497.7 620.4
598.9 367.7
285.2 948.8
479.8 449.4
152.3 113.6
968.6 655.9
124.8 660.1
455.5 264.0
805.3 507.6
515.1 670.1
755.0 977.6
394.4 157.1
928.6 680.1
435.7 994.5
369.5 644.9
210.3 806.1
919.4 263.2
833.5 221.6
680.0 686.7
639.8 426.0
229.6 87.3
200.3 988.8
881.7 24.2
353.8 386.5
121.3 113.8
220.4 108.2
667.7 403.3
578.1 923.5
337.4 941.3
99
180.4 347.5
706.8 98.9
52.3 144.6
261.8 850.2
872.8 64.6
892.1 659.1
810.9 640.4
112.7 453.0
961.6 309.0
846.4 107.4
900.3 769.8
88.8 775.1
361.7 245.1
526.0 780.2
994.8 508.8
367.2 323.7
217.0 880.8
615.4 320.8
417.5 158.4
947.6 161.4
835.5 757.5
944.3 369.5
156.8 11.0
192.0 341.0
718.3 443.2
334.1 751.8
699.1 279.6
338.3 657.5
121.5 154.3
912.0 812.9
885.0 647.3
91.1 401.9
411.0 837.5
664.5 482.5
596.5 460.6
27.7 328.6
650.4 612.6
822.9 92.8
671.4 211.2
377.7 10.3
783.6 963.0
229.2 539.7
18.5 900.1
221.2 708.1
412.6 447.5
146.5 866.9
997.9 905.0
627.0 620.8
229.7 126.3
365.7 587.8
673.2 258.9
248.6 922.4
525.2 338.8
669.9 155.9
593.7 16.2
565.7 85.6
266.0 719.5
716.0 304.7
458.6 437.7
639.3 225.3
369.5 377.6
210.5 683.2
697.6 254.3
676.0 922.6
517.7 313.9
92.7 573.1
141.3 210.1
488.2 470.8
194.7 925.4
136.5 359.9
610.5 175.5
10.7 447.5
451.0 58.2
339.1 114.6
255.1 383.1
377.6 15.8
383.0 920.7
106.5 893.9
360.4 17.5
487.0 124.5
34.1 701.4
902.8 775.4
155.0 803.7
907.2 296.4
879.5 979.2
428.4 630.0
78.1 138.8
173.2 616.7
711.9 194.3
268.1 460.2
845.6 465.7
247.7 700.6
844.3 754.0
997.9 382.4
225.1 402.9
558.4 436.4
654.7 411.3
661.5 365.6
321.5 967.1
19
663.7 448.3
921.0 581.1
523.9 431.1
731.0 863.9
730.9 528.0
964.7 894.9
587.8 462.2
542.8 522.9
794.2 301.2
878.7 211.2
717.5 706.2
440.2 934.2
500.4 410.7
617.8 619.4
96.5 203.6
117.8 445.9
263.7 525.7
160.7 974.9
454.7 169.8
98
745.1 292.1
291.2 193.6
872.4 1.8
569.8 241.5
499.7 390.7
873.2 848.2
462.2 550.3
552.9 425.1
640.0 345.0
716.0 703.7
109.7 664.7
410.0 622.1
811.7 393.4
795.2 450.2
530.6 331.9
910.7 562.0
244.7 855.0
670.4 418.2
80.4 125.4
867.4 202.9
373.6 753.8
438.0 39.3
997.8 69.4
321.2 529.3
743.6 604.7
817.9 711.8
395.2 683.0
230.5 553.8
835.7 928.1
977.4 450.2
41.7 677.0
320.1 51.3
822.6 441.2
58.7 871.5
654.7 304.2
121.2 422.0
387.3 254.4
602.7 700.2
299.6 181.4
894.0 549.8
43.1 484.7
98.4 308.5
692.9 40.1
400.3 362.3
181.5 204.5
929.2 643.1
343.4 277.8
902.9 962.1
28.2 516.3
27.1 735.5
226.5 95.8
515.4 102.6
722.1 604.9
199.1 782.2
386.8 67.0
264.6 38.3
647.0 292.1
177.1 502.2
999.3 347.3
895.4 83.7
341.3 789.2
829.4 588.4
825.2 458.3
815.9 468.3
570.1 443.3
738.0 624.6
932.0 536.6
753.6 231.0
48.2 77.7
667.5 120.6
421.6 603.3
966.3 540.7
430.9 848.3
696.5 145.5
562.2 361.1
802.8 886.1
306.3 54.8
286.4 253.0
514.4 661.9
342.6 646.0
646.3 699.5
323.6 16.0
236.9 968.1
123.3 231.0
511.9 425.3
281.6 197.5
320.7 269.8
376.2 42.1
396.9 193.0
322.4 151.7
90.7 218.5
516.1 652.6
45.1 144.1
854.4 542.7
606.4 284.5
637.6 326.5
86.3 23.6
595.4 313.0
6
599.0 899.2
235.8 972.8
262.1 641.5
471.5 925.8
241.4 25.4
278.1 488.5
78
962.4 603.6
461.3 407.9
257.4 24.8
753.1 737.4
758.8 183.5
517.0 654.4
631.0 547.7
640.8 347.5
630.0 725.4
199.2 1.5
834.5 27.3
465.8 289.9
917.2 920.2
770.4 704.9
715.8 241.7
317.5 880.2
897.8 675.8
981.1 474.1
877.6 249.7
946.9 920.6
479.0 961.3
162.9 627.9
845.6 103.1
688.2 562.1
832.3 620.8
665.3 400.3
153.8 636.8
606.3 443.4
121.7 196.0
305.4 832.1
273.6 289.5
498.9 521.2
701.3 923.5
942.3 897.9
573.0 532.4
205.0 283.8
320.1 39.2
362.5 860.4
864.0 424.8
217.4 281.4
14.8 216.6
556.7 711.8
787.7 354.7
294.1 87.6
172.0 90.8
541.4 928.8
60.8 825.7
947.0 674.5
65.2 28.6
932.2 200.8
743.0 621.2
105.6 616.6
672.2 54.4
403.3 800.2
455.6 472.3
642.2 455.2
664.7 737.4
984.9 485.5
926.0 956.4
773.0 16.9
582.4 204.6
217.3 510.2
840.5 976.2
642.3 410.5
296.3 82.8
206.8 929.7
884.7 788.1
688.9 96.4
360.9 716.3
733.4 732.8
590.7 99.0
65.8 646.1
699.6 835.7
109.1 206.5
814.3 290.2
398.4 882.0
894.2 381.4
194.0 891.3
70
543.1 399.3
952.2 253.9
326.3 602.9
762.5 523.1
438.8 391.9
681.8 50.9
872.3 98.6
810.1 784.6
443.2 379.0
587.7 971.2
690.5 947.3
217.8 647.8
834.8 434.2
222.4 111.7
978.2 77.0
748.1 75.7
383.6 203.2
662.5 29.3
434.7 866.9
696.3 82.3
894.5 791.5
129.1 757.7
850.9 965.0
379.9 691.9
8.2 990.7
531.1 767.2
938.5 764.5
378.2 362.0
77.0 532.9
547.3 220.2
61.3 979.3
599.0 398.7
285.0 606.6
386.6 975.1
260.3 113.2
816.2 838.5
351.8 428.7
843.7 860.3
747.3 20.2
412.8 70.5
362.5 999.4
923.5 355.6
825.4 106.2
410.2 477.6
326.6 409.0
771.9 181.1
374.2 554.7
3.9 989.1
693.5 563.9
347.8 228.7
537.9 475.6
134.3 821.2
428.1 865.4
5.8 892.6
395.6 467.2
339.4 305.7
507.7 730.5
148.9 432.2
157.1 701.9
887.2 347.2
416.6 743.5
825.5 286.8
215.9 61.8
601.5 282.5
173.3 90.7
583.4 236.4
499.3 709.6
377.3 535.4
348.2 590.9
591.1 609.8
96
916.6 655.1
834.1 591.3
947.8 737.8
359.9 17.5
634.6 398.4
670.7 987.8
967.2 117.3
436.4 266.6
249.3 164.3
489.0 595.9
972.1 885.7
671.5 394.8
660.4 412.7
926.6 335.5
347.2 435.1
519.8 710.5
479.0 397.6
198.3 40.4
236.8 593.9
434.1 846.5
514.8 318.0
283.7 45.2
147.3 69.0
852.0 584.0
168.7 292.4
207.2 5.9
973.8 229.1
463.6 746.4
507.1 695.0
248.8 41.5
321.8 139.9
774.7 254.6
499.1 542.0
866.0 169.9
950.5 672.2
804.4 183.3
675.4 704.0
126.3 380.0
775.4 634.6
581.0 618.6
331.9 426.4
300.8 161.2
935.2 762.5
744.4 850.5
281.2 539.3
812.4 717.1
564.9 295.9
869.6 761.9
932.2 125.2
991.0 70.0
797.6 368.1
290.9 421.6
629.6 425.4
209.9 664.4
171.6 513.9
501.3 913.6
875.9 881.9
826.6 639.2
959.7 859.8
210.2 653.9
870.5 48.5
700.0 49.3
866.8 55.2
504.3 553.0
343.9 501.6
630.4 982.5
821.9 608.5
88.9 123.4
566.5 443.5
253.5 53.0
982.7 300.7
940.2 862.0
24.0 707.3
610.5 283.7
429.1 321.7
22.6 374.4
799.2 555.8
352.5 317.9
444.1 671.7
801.2 298.2
7.7 678.5
821.6 736.8
782.1 313.9
872.0 564.3
957.3 319.5
419.4 684.3
678.1 798.5
140.8 264.7
158.2 267.7
985.5 748.9
513.1 946.5
487.1 999.5
272.8 864.7
703.4 514.1
41.7 781.8
15.5 500.2
27
521.1 772.2
643.2 914.5
903.1 728.9
445.3 791.2
213.1 463.7
308.3 281.0
535.3 223.8
983.9 352.0
859.2 552.2
553.6 847.5
192.6 182.0
999.3 325.1
979.4 989.0
613.0 589.0
196.4 21.2
839.8 677.8
961.1 688.2
574.7 799.2
387.1 358.3
572.2 81.5
534.3 583.4
724.6 206.7
568.4 814.4
236.8 955.3
499.8 297.5
919.6 797.6
211.5 543.8
74
951.2 244.0
438.3 415.5
519.4 728.4
706.6 776.6
84.0 488.4
743.2 234.3
769.3 603.8
454.0 683.5
287.5 76.2
174.5 756.2
940.0 270.3
152.8 453.5
19.4 391.3
333.0 192.7
606.1 514.9
778.0 455.3
980.2 997.5
615.1 45.2
73.9 326.5
753.5 288.8
710.6 848.9
897.0 402.5
278.7 442.4
960.7 1.1
366.1 195.4
139.8 334.7
703.8 518.8
152.6 122.7
668.0 907.1
590.7 429.7
703.7 180.8
22.9 337.5
642.7 932.2
256.9 430.9
493.7 327.5
991.4 492.9
260.9 116.0
894.0 588.9
333.4 10.1
646.4 573.7
426.9 749.3
867.9 693.6
593.9 341.6
890.6 437.9
174.7 759.2
797.3 874.0
981.2 377.9
735.6 46.9
131.0 377.0
561.2 342.5
886.8 510.7
67.2 417.8
343.1 742.4
428.5 134.6
198.9 692.5
407.7 195.6
151.9 363.5
339.1 497.8
916.8 295.1
13.1 251.9
320.6 413.6
492.0 784.9
646.6 666.3
727.4 107.4
577.3 652.6
720.0 126.3
268.5 390.9
261.7 418.4
936.5 45.4
295.8 143.0
704.5 215.6
814.7 113.1
494.7 798.5
713.5 505.2
65
510.8 871.2
83.2 185.7
340.9 405.4
499.0 791.0
591.6 411.2
725.1 552.8
539.1 389.4
417.0 377.7
353.0 62.5
820.2 609.0
686.0 941.9
376.0 986.5
296.2 469.2
609.8 204.4
89.5 872.8
793.0 801.0
286.4 871.5
935.2 358.2
270.7 166.2
479.1 989.0
169.3 837.5
729.1 949.9
942.3 250.3
110.4 336.1
63.7 294.9
947.7 82.3
500.6 52.6
252.8 218.0
869.0 812.5
759.7 687.4
211.7 162.9
415.6 607.0
781.4 948.3
678.4 484.5
870.2 153.1
338.7 955.0
825.4 953.0
468.3 948.6
430.1 859.6
37.5 812.0
700.1 776.6
331.5 397.1
952.4 582.2
725.5 189.8
798.1 249.9
114.6 908.3
341.3 716.6
298.5 17.0
988.2 587.5
638.8 673.0
638.6 397.6
223.7 816.8
671.7 660.8
826.7 221.5
7.4 947.3
426.7 435.7
416.6 418.2
705.6 159.8
248.3 985.7
512.3 221.5
153.5 337.9
342.7 524.5
763.7 293.7
656.0 139.8
847.0 639.1
25
721.8 578.2
76.9 692.3
136.2 869.5
173.4 839.4
990.9 935.7
552.9 813.9
295.7 420.9
675.8 161.8
16.9 648.3
899.4 348.3
523.7 5.0
205.0 851.1
915.1 689.4
275.2 189.9
941.4 202.4
675.0 26.0
805.0 683.4
559.0 40.3
141.8 967.8
92.8 412.3
304.2 790.2
161.0 73.1
273.9 924.8
489.0 391.5
356.6 144.0
55
675.0 394.7
287.2 769.7
725.2 369.6
663.4 326.6
849.5 110.4
31.2 311.1
454.7 676.1
537.6 26.4
809.9 659.1
837.3 644.0
121.6 577.4
794.8 277.6
965.3 316.0
602.0 736.4
10.9 179.8
649.5 801.1
992.1 131.0
402.0 670.4
42.0 237.8
687.7 372.1
369.0 367.2
423.6 642.6
600.4 991.9
608.6 166.5
395.1 625.2
360.4 104.3
236.5 115.9
719.7 673.5
559.9 990.3
738.7 838.8
131.6 386.3
527.3 305.7
515.8 313.3
117.5 434.1
282.7 311.2
625.2 192.7
636.9 515.4
33.4 941.4
238.5 9.7
79.0 898.5
396.8 946.3
735.7 996.6
584.6 489.8
614.3 108.7
884.3 449.1
954.1 19.4
594.1 842.8
533.5 869.4
256.7 880.0
910.9 38.2
640.0 184.3
172.9 435.5
70.7 50.1
330.4 867.7
25.9 610.3
49
294.3 35.1
786.0 309.8
72.1 745.6
1000.0 401.5
519.6 351.8
555.7 613.3
672.1 409.6
628.1 755.5
867.9 252.0
139.1 376.3
592.0 728.6
291.3 285.9
930.3 719.5
903.7 330.9
301.3 496.0
627.0 99.6
983.0 534.4
482.9 285.7
669.9 956.1
286.6 778.5
801.0 889.1
683.8 261.1
931.3 358.9
110.0 191.2
542.1 953.7
706.8 911.2
634.9 971.5
234.9 98.0
986.2 255.7
1.1 154.4
216.4 361.0
13.5 575.0
383.8 106.7
481.3 92.5
10.9 882.0
1.2 899.8
563.9 575.3
800.1 281.0
789.7 295.3
919.7 533.8
114.9 894.5
662.8 39.6
935.8 992.7
726.8 313.8
181.4 237.9
732.8 571.3
468.5 410.3
240.4 127.0
456.0 223.9
48
760.6 766.1
30.8 907.8
348.9 72.9
843.2 541.0
438.3 882.9
849.7 683.8
229.9 793.5
209.1 79.4
293.7 365.9
260.2 139.6
132.9 760.2
83.0 268.0
885.2 419.6
391.0 964.8
420.8 427.9
657.8 322.2
236.7 215.7
317.0 894.0
443.3 841.0
95.8 361.1
366.1 225.7
718.9 454.1
753.4 107.6
755.3 506.3
17.3 387.3
515.0 680.2
898.2 658.7
368.3 173.8
316.7 920.1
32.9 748.6
116.7 966.9
487.5 438.9
775.6 129.7
201.7 973.1
89.8 510.7
194.0 573.5
697.8 796.6
548.6 159.3
285.8 187.3
996.8 830.0
543.4 556.2
124.1 9.6
842.9 262.4
583.5 461.3
198.8 394.1
208.3 77.7
13.9 964.3
61.2 134.9
14
372.8 173.9
12.5 977.1
631.3 564.5
792.4 708.3
673.2 325.9
147.4 745.4
472.6 402.2
449.4 250.5
349.9 674.4
782.2 197.9
992.9 235.0
686.0 958.7
864.5 746.0
523.1 269.1
44
769.6 898.3
559.9 827.3
299.2 607.1
297.1 789.2
32.4 895.3
110.8 957.5
705.0 202.5
260.6 743.1
809.3 252.4
938.0 414.7
850.9 583.9
573.6 117.3
824.1 637.9
737.4 205.8
316.1 559.9
71.6 546.3
956.7 430.8
742.9 909.2
476.3 205.3
536.2 262.6
35.9 584.4
800.6 953.8
13.5 536.4
73.2 814.3
564.1 946.6
327.5 590.9
112.0 569.0
276.9 147.9
842.2 638.7
945.0 219.0
1.6 224.2
948.8 327.6
767.4 257.2
956.7 363.1
872.2 285.4
518.6 731.4
586.6 340.8
881.3 835.2
978.2 901.8
372.4 876.1
842.0 13.4
478.7 455.1
63.7 699.6
654.2 141.6
32
879.4 800.8
333.1 377.3
846.3 824.5
114.0 554.2
512.0 819.3
627.8 649.5
539.3 866.5
793.5 220.7
239.2 434.1
825.3 158.2
593.3 340.7
430.8 495.6
901.3 436.3
822.0 414.4
923.6 387.0
278.0 469.4
746.2 415.0
781.9 612.1
352.1 646.4
267.0 9.4
685.8 853.6
36.2 54.4
380.9 718.2
755.9 833.6
743.0 331.2
363.9 529.6
781.4 719.6
578.3 842.5
477.6 365.3
454.5 18.7
549.4 729.5
88.1 17.4
41
700.3 836.8
225.4 463.2
711.1 685.6
843.7 349.4
380.6 191.2
850.0 439.7
869.5 439.0
728.6 31.4
911.1 631.8
243.4 70.8
203.1 731.6
462.3 933.6
571.5 952.4
393.2 599.6
882.9 77.9
594.7 792.4
543.0 681.3
937.7 162.0
144.2 904.1
389.7 616.4
132.9 434.2
520.2 9.4
658.3 710.5
590.2 793.7
114.0 135.0
158.4 744.7
729.9 308.1
604.2 343.5
567.6 827.6
145.8 765.2
94.2 65.9
633.2 304.8
686.7 476.7
88.8 95.8
506.0 949.1
997.6 120.9
331.2 238.6
640.4 953.8
308.6 960.7
75.1 318.7
724.6 859.8
33
594.0 471.8
364.0 82.8
938.6 814.2
476.4 358.6
375.0 871.9
59.6 94.4
799.0 802.2
938.5 8.6
8.8 712.8
868.5 429.1
867.9 978.2
804.3 735.9
331.0 18.6
51.6 441.1
252.2 279.9
290.8 408.8
419.4 905.4
357.1 327.8
939.1 105.6
12.1 393.9
902.1 669.4
816.3 779.6
71.8 689.1
463.4 890.5
347.4 308.0
643.7 563.3
812.9 741.1
306.5 242.4
212.1 444.8
153.5 465.7
323.9 386.2
230.7 545.7
982.6 758.1
62
791.7 528.6
149.0 601.4
588.4 48.5
674.7 153.1
578.3 705.6
66.1 953.9
399.7 677.6
625.9 754.0
602.2 144.8
436.3 251.2
70.3 99.8
667.3 968.4
323.0 336.1
56.2 291.3
562.4 58.0
193.7 601.9
78.2 780.5
17.1 948.6
197.4 905.0
804.6 416.8
245.7 890.2
14.9 394.7
431.8 219.9
800.3 950.0
649.8 341.7
63.2 256.7
536.9 642.1
324.0 218.7
353.2 21.1
40.5 79.7
287.5 207.7
234.2 391.0
453.4 528.9
753.1 609.2
28.5 440.7
308.9 234.8
372.1 24.7
601.1 246.1
476.5 109.3
328.1 35.2
441.9 59.8
474.3 155.3
499.9 872.7
839.2 341.6
854.1 993.4
813.6 919.3
772.9 93.5
885.9 319.1
549.5 159.0
874.9 150.8
650.6 440.6
650.8 658.5
781.3 78.6
454.2 321.7
748.8 791.0
435.0 578.2
995.1 680.3
647.5 99.9
990.1 589.0
475.0 529.7
369.3 647.5
40.7 221.3
11
759.3 380.7
126.4 457.9
790.4 918.8
70.2 127.1
907.5 221.6
342.0 498.1
83.6 310.3
376.5 24.6
714.6 560.7
292.9 413.5
661.0 498.4
61
596.7 478.3
36.4 431.9
143.0 375.2
796.3 798.5
379.0 621.1
249.0 646.7
265.4 709.2
117.7 480.9
266.5 253.1
93.4 165.6
416.4 875.5
306.4 937.2
716.9 323.9
692.1 585.9
204.6 922.3
632.3 178.7
376.3 803.5
609.3 187.1
999.3 288.1
409.4 640.8
598.8 776.8
394.7 414.9
808.9 433.0
101.2 29.1
581.9 676.5
512.6 761.6
183.4 671.1
863.6 434.9
817.5 852.1
762.4 673.3
540.0 898.0
209.7 386.8
888.6 39.4
585.8 922.2
122.6 533.5
68.4 932.5
963.8 730.1
558.2 775.0
502.9 228.0
365.7 339.6
195.9 778.4
739.4 282.5
824.3 784.5
544.4 824.7
862.9 405.2
179.4 690.4
941.2 902.3
335.8 707.7
206.5 377.6
38.5 903.1
243.7 632.2
795.8 933.1
308.9 62.1
390.4 644.2
795.6 686.6
167.0 415.2
360.3 905.7
649.7 239.5
885.1 782.8
529.5 142.5
867.2 827.8
63
572.8 249.3
686.2 947.8
71.0 773.7
236.8 375.6
620.0 882.4
62.1 290.4
794.1 894.7
830.3 996.1
798.1 807.2
561.9 139.7
147.2 561.2
596.0 955.0
836.3 365.9
626.4 695.3
338.6 297.0
933.5 572.4
716.1 112.6
388.5 467.6
384.1 657.9
310.6 869.3
241.6 553.0
164.1 634.8
916.3 935.6
247.0 331.2
591.9 754.3
170.2 120.9
728.1 280.7
329.5 533.6
764.9 716.0
478.8 291.4
600.8 643.1
807.8 164.5
634.4 816.0
342.3 683.7
200.5 324.4
438.1 773.8
502.1 482.0
579.5 572.8
187.9 842.6
303.1 747.8
309.0 74.1
915.1 392.7
236.1 29.9
752.6 5.2
984.8 962.9
348.4 664.5
269.5 102.8
276.8 248.0
123.8 723.9
367.0 830.7
795.1 607.9
922.8 362.6
785.9 482.4
743.2 758.1
846.8 238.4
692.7 14.2
570.8 555.7
315.2 857.2
721.8 98.3
165.1 396.4
706.0 345.6
408.4 414.3
377.0 191.0
19
717.1 593.1
378.1 622.4
823.8 806.1
4.3 478.8
629.5 578.2
177.8 339.8
903.3 343.9
391.2 756.5
293.8 305.6
434.1 698.7
187.5 98.0
511.3 524.3
366.9 399.2
640.9 503.1
608.1 439.4
558.8 833.7
172.2 790.2
504.3 73.3
729.3 621.3
14
846.1 351.8
416.9 665.1
654.9 243.2
929.3 352.2
185.6 522.2
462.9 460.3
416.2 432.0
831.2 25.9
372.4 292.1
730.5 278.6
397.8 206.6
697.9 805.1
619.0 70.7
288.5 403.0
22
770.7 206.6
788.9 79.9
344.6 931.1
398.8 342.7
954.3 857.8
87.9 984.3
860.1 508.7
555.8 121.7
54.6 532.4
789.4 696.8
137.7 466.4
606.0 432.1
33.3 213.1
616.6 796.4
931.9 102.6
690.4 530.7
203.8 751.1
193.9 229.9
973.5 341.6
684.6 620.9
108.5 869.1
349.6 948.0
56
404.2 741.4
228.2 429.2
636.8 737.9
34.8 848.6
243.2 920.9
603.1 90.0
335.5 100.6
191.2 732.6
33.1 869.6
615.6 92.1
468.3 485.3
793.2 593.2
886.7 167.7
323.5 458.6
496.0 157.7
549.1 610.7
363.2 297.6
978.1 833.6
949.2 518.4
321.0 214.6
693.2 415.0
210.6 783.1
783.0 944.4
935.5 919.4
559.9 516.6
373.4 325.1
930.9 417.8
347.4 950.3
735.4 400.2
618.3 709.1
600.0 162.6
132.5 671.8
775.4 856.3
77.3 693.0
294.0 844.1
738.1 987.3
744.9 433.7
957.8 802.8
883.6 956.6
675.1 952.7
851.5 438.5
657.3 383.2
972.2 118.0
563.5 791.1
765.8 3.5
976.6 995.4
405.2 541.2
720.4 576.4
939.0 105.2
253.3 939.6
819.7 114.7
733.9 536.7
711.4 577.0
178.4 489.4
768.8 215.8
516.5 856.1
22
452.1 397.0
567.7 265.4
47.2 231.7
186.9 93.6
552.1 953.2
103.6 451.1
533.9 217.6
56.3 743.3
954.3 943.9
353.4 264.6
231.0 191.4
524.3 515.7
834.9 786.0
542.9 949.2
481.9 375.2
436.8 818.3
288.0 35.7
350.9 225.7
513.6 178.2
653.5 180.7
41.7 656.4
259.9 524.9
